victim_ipc 1.252605752 2.289745235 0.911776277 3.540334562 2.481422496 2.710285108 5.049620414 2.018916492 1.207781052 1.226285471 3.477028936 1.489737785 0.969653149 1.254815147 3.125319156 5.067735216 4.001036515 36.56838763 36.64660149 204.2043207 28.05179685 32.93782588 
unc_m_hclockticks_5 4404465843.0 4404465184.0 4404468057.0 4404404579.0 4404454484.0 4404468522.0 4404451071.0 4404263420.0 4404393435.0 4404410511.0 4405435707.0 4404587746.0 4404460902.0 4404506089.0 4404454572.0 4404454769.0 4404450364.0 4404367020.0 4404424894.0 4401665219.0 4404493544.0 4404352831.0
unc_m_hclockticks_2 4404527108.0 4404533999.0 4404529172.0 4404467268.0 4404515389.0 4404536442.0 4404512311.0 4404324183.0 4404454520.0 4404471708.0 4405496795.0 4404648896.0 4404521448.0 4404566622.0 4404515968.0 4404515950.0 4404511570.0 4404428328.0 4404486297.0 4401726161.0 4404554632.0 4404421468.0
unc_m_hclockticks_1 4404549342.0 4404556629.0 4404551135.0 4404490600.0 4404538062.0 4404559040.0 4404535302.0 4404346503.0 4404476866.0 4404494193.0 4405519435.0 4404671289.0 4404543440.0 4404589026.0 4404538271.0 4404538432.0 4404533871.0 4404450444.0 4404509122.0 4401748582.0 4404577034.0 4404443980.0
unc_m_hclockticks_0 4404570476.0 4404578564.0 4404571675.0 4404513191.0 4404559333.0 4404580603.0 4404557316.0 4404366863.0 4404497579.0 4404515555.0 4405540637.0 4404692813.0 4404564055.0 4404610165.0 4404558954.0 4404559281.0 4404554606.0 4404471283.0 4404531070.0 4401770103.0 4404597794.0 4404465415.0
unc_m_hclockticks_4 4404485905.0 4404485306.0 4404487893.0 4404425299.0 4404474409.0 4404495420.0 4404471049.0 4404283273.0 4404413286.0 4404430672.0 4405455641.0 4404607935.0 4404480740.0 4404525940.0 4404474691.0 4404474905.0 4404470338.0 4404387046.0 4404445141.0 4401685316.0 4404513397.0 4404380389.0
unc_m_hclockticks_3 4404506917.0 4404506016.0 4404508764.0 4404446404.0 4404494936.0 4404516146.0 4404491709.0 4404303740.0 4404434111.0 4404451327.0 4405476436.0 4404628542.0 4404501211.0 4404546525.0 4404495448.0 4404495608.0 4404491123.0 4404407902.0 4404465849.0 4401705939.0 4404534154.0 4404401207.0
unc_m_hclockticks_6 4404439125.0 4404445094.0 4404448075.0 4404383927.0 4404434643.0 4404448400.0 4404430942.0 4404243399.0 4404373190.0 4404383054.0 4405415833.0 4404560914.0 4404441091.0 4404486169.0 4404434559.0 4404434753.0 4404430448.0 4404346884.0 4404404996.0 4401645198.0 4404473720.0 4404332566.0
unc_m_hclockticks_7 4404419992.0 4404426028.0 4404420902.0 4404364058.0 4404406174.0 4404429268.0 4404411764.0 4404224308.0 4404353984.0 4404363874.0 4405396562.0 4404541842.0 4404421865.0 4404466992.0 4404415364.0 4404415636.0 4404411428.0 4404327760.0 4404385914.0 4401626078.0 4404454637.0 4404313518.0
cpi 0.2873552005107613 0.8324121408820592 0.5122236357779035 0.2803421699333226 0.378511638085021 1.063691771945408 0.5849642126466669 0.5357909005016053 0.5541160823442004 0.3906936551361446 0.3503057861570402 0.23126161448568622 0.553045241450423 0.2658161096346896 1.7535686183616113 0.9132822892530988 1.884923535105412 3.4297866697280264 3.615326897240587 3.8145548527652204 3.3771731122234847 3.5073642686352025
Info_Thread_CPI 0.2873552005107613 0.8324121408820592 0.5122236357779035 0.2803421699333226 0.378511638085021 1.063691771945408 0.5849642126466669 0.5357909005016054 0.5541160823442004 0.3906936551361446 0.35030578615704017 0.23126161448568622 0.553045241450423 0.2658161096346896 1.7535686183616113 0.9132822892530988 1.8849235351054123 3.4297866697280264 3.6153268972405876 3.8145548527652204 3.3771731122234847 3.5073642686352025
